 1                                  1111111111111111        1
         1     1           1   11111    2         1111   1
                      111111111        2              1111   1     1
                  1111                 2                 1111111111
   1       1111111                      2                          111
           1111                       11   11                    1111
 1             111                   1  1 1  1                111
           1      1111                 11 2           111111111
                      1111            1  1 2      1111        
 1     1 1 1 1    1     111               2     11              1
      1 1 1 1 1        111                 2    1111111            1
     1  1  11  1       1111               2           1111  1 
    1   1   1   1 111      1111          2                11   1
        1   1    1   1 1      11          2                1111
  1111111111111111111     1111           2                   111   1
       1 1  1  1  11     1111           2                   11111111
   11111111111111111         1111      2                        1111
  1          1             1     111    2 11            11111111
                  1              111   2 11 11         11  1        
                       1111111111     2 1  1  1          111111      
      1   1        1111              2                         111 1
                111              11111111                        111
 1            111         111111111   1  11             111111111  11
     111111111         111  1   1   1 1111          1111     1   111
  1111                 1111111111111               11   1       14
  4
  4
  
11                             2                      1111   1    1
11111111111                   2                           1111
          111                2                               111
111     1    11               2                             1111111 1
     1     1   11111111111    1111111111111111          111  1
                    1     11111      1    1   11111111111       1
           1     1      1        1     1        1          1    1
